"","V1","V2","V3","V4","V5","V6","V7","V8","V9","V10","V11"
"Aberdeen, SD",0.122946653740541,0.000427394520096723,0.0492197495703538,3.9474761850135e-05,1.85377505133832e-07,0.0313161583668989,0.0212930031468842,0.773633869089627,1.0119455591693e-06,2.37402295737706e-06,0.00112012545772637
"Aberdeen, WA",0.00470602645817192,0.793458396949295,0.00342917643363558,0.13712119048681,0.000205716297478779,0.00777678818554272,0.0323699111830131,0.0137164791989631,0.00705962529147428,0.000132632190516146,2.40573250993972e-05
"Abilene, TX",0.770140425831541,5.00675751043681e-07,0.153208713542427,1.47719873783796e-05,4.90260162560422e-12,4.53527396176836e-08,9.13653330924754e-05,0.07476353746633,0.000126679117528796,7.00647974662395e-07,0.00165326004033543
"Ada, OK",0.110195329496148,0.122795244348296,0.0123998754764947,0.261889341899599,5.52192684899273e-06,0.0357678286305057,0.175633431026374,0.27458204470098,0.0058135992817378,0.000136519029619651,0.000781264183397434
"Adrian, MI",1.02582342731985e-07,0.000127625442631505,0.00154089780477894,2.76550617854865e-06,0.996600551647694,1.36536133615309e-09,0.000456766456524309,0.0012523121561838,1.15146947255939e-06,4.03249426632377e-06,1.37930745664806e-05
"Akron, OH",5.53832775523265e-07,0.000111896588441908,0.00835615183330621,9.75584494820701e-05,0.967429666821424,3.54368142554479e-09,0.0203635125424919,0.00129364396636537,2.22566862437295e-05,0.00126212503327202,0.00106263070251577
"Alamogordo, NM",0.976605166597083,2.50310034271997e-06,0.0233136534858137,7.0948517876734e-07,2.29513481424565e-14,7.39381942756963e-06,1.19388911902971e-05,3.92252110350489e-05,9.11879680869511e-06,8.88562368097933e-06,1.40498941601415e-06
"Albany, GA",0.000900601614552741,0.0015319720899447,0.042783934076279,0.256500505658448,2.03100754834549e-05,1.41852239001585e-07,0.0114573733436207,0.000340723851510773,0.669899508003913,0.00988568099830872,0.00667924843570013
"Albany, OR",0.00298171377389156,0.14486008543582,0.0145817911660244,0.00312989761690626,7.64815917675565e-05,0.817475653759406,0.0141673294775675,0.00240749414389606,0.000140107506933679,3.68324736377738e-05,0.000142613054148988
"Albany-Schenectady-Troy, NY",0.000268099101651274,0.00516702905272615,0.00177066089489673,0.00316955427357004,0.00242403354832472,0.000943938314871368,0.943900857781203,0.0405272468779407,8.33352585633712e-06,0.00142239164218632,0.000397854986772901
"Albemarle, NC",0.00465995321251442,0.917214043648903,0.0129363857894424,0.0114566732856288,0.00136004845396992,0.000546893307559392,0.0413399366336952,0.00430373344139148,0.00227449585164204,0.00390483444451434,3.00193073892263e-06
"Albert Lea, MN",0.000394619456385314,0.000224212619120622,0.0126047942802882,7.02218176541265e-06,0.00169494259072682,2.43810601315992e-10,0.00155923440773289,0.983497348854687,7.57176592385885e-06,6.2813013145482e-06,3.97229824456815e-06
"Albertville, AL",0.000919713330734827,0.290965648122514,0.00189555327635987,0.53377771631764,0.00235801120832708,0.000374200633779307,0.117328852156561,0.0384234765291877,0.0135262142128465,0.000291498904064526,0.000139115307986054
"Albuquerque, NM",0.746157130456032,9.12392825063165e-10,0.0816707250109668,7.52357615232633e-10,1.62979761758912e-15,1.14175879239621e-11,0.000108833879041378,3.39932730323611e-06,5.32411796188949e-08,0.172059604284897,2.5212441055307e-07
"Alexandria, LA",0.00194350398079224,0.0494379063873594,0.0136535734245745,0.3261959153432,0.000786043362399374,2.63598162166902e-08,0.0101430828365826,0.0300610202934097,0.56691765723887,0.000779652223109178,8.1618549887372e-05
"Alexandria, MN",0.0188800187468464,0.00458710663673785,0.0535799854823591,1.3381563343072e-05,7.07271385459845e-06,0.803203865233399,0.00903375181338448,0.110434723813221,3.79518374106347e-07,1.29193367020071e-06,0.000258422544810735
"Alice, TX",0.0169132406156931,0.326937905486576,0.171242073021687,0.021497162318128,0.0030773985111002,4.67819022744868e-09,0.00749311958119529,0.024198918154389,0.409677780080131,0.0189598863386139,2.51121429571046e-06
"Allentown-Bethlehem-Easton, PA-NJ",0.00121123206266538,0.00503893691739897,0.00659451297533304,0.000226660456895738,0.000833487697760148,7.41331817684315e-05,0.898259741630979,0.00729424723990867,3.43857912783038e-06,0.0804470676598008,1.65415983616817e-05
"Alma, MI",6.01737850544668e-09,6.73153715792192e-06,0.00517799864037732,4.82021539021095e-07,0.994745547490967,5.22417160724862e-14,4.75057837402294e-06,2.55951938013991e-05,2.63841059649825e-05,2.69024398052191e-06,9.81417040756314e-06
"Alpena, MI",1.64287745186479e-06,0.00433461345154219,0.00265180973321859,8.92843987057653e-05,0.987750765372525,6.35941460511766e-09,0.00311639349988649,0.00183135557050129,4.29302013207471e-05,0.000177226903374413,3.971632059339e-06
"Altoona, PA",0.00285598377396362,0.8253701835696,0.00545567034651927,0.0124560389734429,0.00643602124757536,0.000401933259758235,0.105815988366462,0.0391938189300334,0.00064791515084008,0.00136304222196196,3.40415984350496e-06
"Altus, OK",0.380355421751899,0.0177810132412208,0.0204327378392376,0.0396897377112048,3.24163692384111e-07,0.0228257082442838,0.172842342207335,0.344031805934437,0.000985268066978133,0.00018146985484861,0.000874170984862458
"Amarillo, TX",0.980473113730624,2.09262802860895e-08,0.0184955594725061,5.14096763369373e-08,1.0241693346428e-14,2.21085274964489e-10,2.21915952684454e-05,0.000982082646158789,1.09301716367092e-06,2.49173425964893e-05,9.69638630553677e-07
"Americus, GA",0.000334689563246399,2.60136804923497e-05,0.119027656578478,0.0493158959832244,1.12439092713921e-06,3.74332321807525e-08,0.000758131377262001,0.000219596444861541,0.457431910519986,0.000138320340820993,0.372746623687469
"Ames, IA",1.84412041539471e-09,5.19469614799261e-18,0.00769752146192867,9.28143702183224e-15,5.19342927107267e-14,2.23096739120195e-15,7.17909230060083e-10,6.17895062182917e-09,1.4943314736609e-12,6.13486663610343e-11,0.992302469734185
"Amsterdam, NY",0.000626203960499457,0.186706938824779,0.00371176530405344,0.356645174841131,0.0130870966515882,0.0012913107267499,0.144746829665503,0.286805624738873,0.00498337162332314,3.3970010479272e-05,0.00136171365302051
"Andrews, TX",0.138756343916489,6.7226011160681e-08,0.861207713057123,3.17017826552009e-13,1.15000287322599e-12,1.60481650728772e-18,1.30621910197473e-10,3.46815145837909e-05,8.21440123455154e-07,3.72712661384776e-07,9.18780610989067e-13
"Ann Arbor, MI",1.56523211272087e-09,3.16177705472275e-13,0.075873900019988,3.02788192808661e-11,1.78720872587055e-05,3.69074787135965e-15,1.38340057003304e-05,1.05756437698408e-06,5.3752296021943e-10,1.61064106348297e-05,0.924077227778687
"Anniston-Oxford-Jacksonville, AL",0.000826461659544198,0.146057798945285,0.00413923617199539,0.680505600112547,0.000623201084811955,2.17271044933901e-05,0.0260338393352381,0.00475509162648408,0.136214409485341,0.000668640682692397,0.000153993791567486
"Appleton, WI",0.00163933377839813,0.00159527453607919,0.0120774010359246,1.94462128800949e-05,0.00233003947130136,2.21295471132904e-05,0.191751010852098,0.790298610915424,3.09960644760039e-07,0.000232577336341739,3.38663537950378e-05
"Arcadia, FL",0.00349798825786346,0.113444732791665,0.0154514507846486,0.160369097781141,2.70473567047032e-05,4.36961357700182e-06,0.000255620792062067,0.00889150811971825,0.697987549907078,2.46336633416383e-06,6.8171229207759e-05
"Ardmore, OK",0.0375535792485597,0.15182263854691,0.00975719068946417,0.411884563003295,5.79383374960656e-05,2.29660993870301e-05,0.0947476971807,0.23774267532517,0.0555249550514121,0.000805245265551128,8.05512520548715e-05
"Arkadelphia, AR",0.0222788236997351,0.0276141645202578,0.122461060115504,0.493678441771956,1.04703918771643e-05,0.019522413330029,0.0119675786033348,0.0642333511151765,0.120061153076411,6.83631200466275e-06,0.118165707063715
"Arkansas City-Winfield, KS",0.0134472281858069,0.184820012030699,0.00913604131177198,0.101604308402997,0.000159317510772909,0.0665306426046708,0.0753620642260656,0.546364697211404,0.00155187370963398,7.92477958428742e-06,0.00101589002659305
"Asheville, NC",0.00109157649853983,0.00765145107716737,0.00145147445682691,0.00762367931897771,0.000153836684334645,0.00440694035762179,0.955548232643667,0.0192065229157044,1.99983030251375e-05,0.00259998402051807,0.000246303723617334
"Ashland, OH",7.61330055655275e-05,0.0455997014784061,0.392117150146591,2.27702471910694e-05,0.539451916846668,0.0104428435957788,0.00281157399743418,0.0084058774974763,9.49560959742175e-06,5.21426173794925e-06,0.00105732331355355
"Ashtabula, OH",2.52773911986823e-06,0.0511072147727971,0.004988074085034,0.0007177075657629,0.94034176541309,6.1293687954847e-07,0.000422855836433326,0.00169757295404009,0.000703612069761158,3.4221220382878e-06,1.46345050440497e-05
"Astoria, OR",0.00450605622728242,0.000512078049248939,0.0113441699411936,5.57638332104424e-06,3.98013988341685e-08,0.982093832487755,0.00109261871384977,0.000357783352634978,3.03840918732574e-07,2.18790915573887e-06,8.53532932411891e-05
"Atchison, KS",0.00477513282776957,6.05001290341426e-08,0.918581400914423,6.0047383874007e-07,1.0469338581382e-09,1.28102834324836e-11,1.0290591004703e-07,0.0670906364121993,0.000527473812974271,1.65772349261847e-10,0.00902459092723932
"Athens, OH",2.575950076277e-09,5.98191843352417e-13,0.267017890494898,2.03352275206339e-11,1.09494618717872e-09,1.45201656929545e-12,4.41748418695324e-10,4.5434492134292e-10,9.57037925442107e-08,1.00123853518973e-09,0.732982008210696
"Athens, TN",0.00289089207185483,0.871701427221967,0.0530106646571502,0.0021231279806946,0.000535214388248111,1.2248377414579e-06,5.93011289105127e-05,0.00178682658850461,0.0678795511761994,1.13991321158447e-05,3.70816612941435e-07
"Athens, TX",0.0314875261670262,0.201377546984329,0.0268540672468064,0.332928602583425,2.14671521327834e-05,0.000270276457733796,0.00307454896423545,0.201415386213332,0.202143889808493,2.9720325867666e-06,0.00042371638989953
"Athens-Clarke County, GA",9.0710659331478e-05,2.77785839681685e-06,0.0195018617187394,0.00797671184210268,2.23271942378279e-06,4.25928923816922e-07,0.0202000100318221,0.000707877691198203,0.00156770366282275,0.000466513599566355,0.949483174287673
"Atlanta-Sandy Springs-Roswell, GA",0.0002569965240553,2.10464053715905e-05,0.00400883745101161,0.000422228780762708,1.54912079677539e-05,4.54841855228246e-07,0.752315847397873,0.000899530514370928,9.46479213908616e-06,0.241108022908712,0.000942079175880527
"Atlantic City-Hammonton, NJ",0.00012986089523748,0.00690121855687578,0.0142008527813664,0.0356395166092355,0.0138730616838175,1.44886562319259e-05,0.805441081364614,0.00179085392947108,0.00163462514892831,0.117576430655905,0.0027980097183176
"Auburn, IN",2.0029422714537e-05,0.00343229749805705,0.704204023025781,2.95295829405174e-07,0.288627434076399,0.00089764490640504,0.000304888861874259,0.00203503611427431,4.65628745831245e-07,1.18167565536484e-06,0.000476703494264581
"Auburn, NY",0.00030288018830909,0.115599025028074,0.00496081283282141,0.0121034576991971,0.158646613260311,0.000290313140150256,0.29521351903419,0.412405360877325,0.000132577973134575,0.000152494966960106,0.000192944999526204
"Auburn-Opelika, AL",0.000172618503722775,3.00941667722231e-05,0.0231880118601622,0.032537839306521,1.6529439996156e-05,8.62446704464899e-06,0.089385822122542,0.00159101877380546,0.00260482251732823,0.00135673786245121,0.849107880979654
"Augusta-Richmond County, GA-SC",0.00238460703537127,0.0893479837173157,0.00240468139628761,0.464252540904929,0.000310442923894072,0.000631345415373233,0.406876732190086,0.0237772031524975,0.00715081247903548,0.00254821281312429,0.000315437972085893
"Augusta-Waterville, ME",0.00235413348518216,0.127897092592773,0.0030081675140277,0.150395095175177,0.000951093541993606,0.0480637045644907,0.529511741530817,0.136041514571176,0.000580354295521192,0.000171425187083851,0.00102567754175839
"Austin, MN",0.00120633254957559,0.0358552653880041,0.00414394582389952,0.0128641307744346,0.00373832421796914,0.00630744775946272,0.328502127885405,0.606451147506549,5.60256459026633e-05,3.93057224008443e-05,0.000835946726396132
"Austin-Round Rock, TX",0.000629334271113459,9.97490504456033e-06,0.00482625591806147,0.00065836645545013,2.82829334436757e-06,4.85720376054257e-05,0.954776192509195,0.00720165584627111,3.29210261567009e-06,0.00771597089539504,0.0241275567659039
"Bainbridge, GA",0.00147331427831473,0.00348435671084073,0.00985568607757376,0.118750432651563,4.44932496461417e-06,7.9778143074522e-09,0.000680751659869943,0.00136364280064309,0.864113620184304,0.000169976140763907,0.000103762193347912
"Bakersfield, CA",0.000505439115346132,1.16703609124103e-08,0.0131732841919147,3.83247304961112e-09,4.22601739644855e-11,1.20089774239777e-14,2.65674588529001e-05,4.76907266258828e-08,1.29276321060313e-06,0.986293335647482,1.75873605833279e-08
"Baltimore-Columbia-Towson, MD",0.00030100538541237,9.54316185108898e-06,0.00599580135769424,2.12504941526548e-05,2.80790470518381e-05,7.16846825190332e-09,0.432289128627511,0.00150740924637883,1.39047110372289e-06,0.559784458396964,6.19266434122289e-05
"Bangor, ME",0.00522700922931452,0.0366558260708333,0.00558241394913847,0.0224073138977528,1.46647451716119e-05,0.83754918219015,0.0749708002039587,0.0160168426061416,0.000188912264029864,3.21513964290048e-05,0.0013548834470803
"Baraboo, WI",0.00105371052973621,0.00380706211362629,0.0030301077606844,0.000807053007094253,0.000676479523808618,6.09785691348371e-05,0.0604184478504625,0.929998309777733,1.02457687074362e-05,9.69370651436503e-06,0.000127911392497609
"Bardstown, KY",0.0151344885844843,0.676805865225134,0.0213209753097129,0.0103507564691429,0.000217908394172332,0.0322228834750499,0.00348285303274783,0.238913633440777,0.00149588538161255,7.44092530585269e-07,5.40065946347837e-05
"Barnstable Town, MA",4.53347669645508e-05,3.64537602222833e-05,0.00788658566555461,6.28300597752625e-05,0.00540755880483235,1.11827706113322e-06,0.948848736210952,0.0247670261552918,5.63730138590203e-07,0.00987579284236627,0.0030679997268407
"Barre, VT",0.000131724887870942,2.23366818713592e-21,0.99986581137833,5.45292584587555e-23,3.85081475736183e-22,1.66113505182576e-28,2.46575994665209e-17,2.45869485847601e-06,4.63262363701627e-14,5.2271972498989e-16,5.03889353847905e-09
"Bartlesville, OK",0.000896330070025417,0.0508741537466731,0.0038579378329045,0.204123958388271,0.00475983636680339,0.000212141872163937,0.162947038263593,0.567496507294407,0.00306520075567961,3.8036498761442e-05,0.0017288589107167
"Bastrop, LA",0.000583952935210702,0.0100550558644976,0.0138190163153242,0.07080879918371,6.97567377759793e-05,2.74148590068403e-09,0.000735239887082685,0.000622345254506142,0.902561121883673,0.000713759478604204,3.09497181299606e-05
"Batavia, NY",0.000116136704508962,0.0965682409128575,0.00823769660635884,0.0006149351414267,0.667824384753606,2.59739984184931e-05,0.0581967935188186,0.168265526021756,2.7659842029493e-05,0.000103586997550919,1.90655026695478e-05
"Batesville, AR",0.00287400696322878,0.184975983505201,0.00640131903478445,0.553222766627466,0.00027688928624045,4.7870288675036e-05,0.00572379102629579,0.097172974848339,0.149031536731514,6.54572434665247e-06,0.000266315963909955
"Baton Rouge, LA",0.0136782631600859,0.0048394789333756,0.027007394997542,0.151283896164079,0.000125580012809804,4.75627101668438e-08,0.110504267823395,0.635687605244219,0.0541130306770531,0.00172554390167069,0.00103489152306043
"Battle Creek, MI",3.01160521594219e-07,0.000858085598272231,0.00333448690321783,0.000392924165761309,0.993215416065463,7.1526358197129e-10,0.000889576966956013,0.000683098625060191,0.000494470998977459,4.13351907550544e-05,9.03036097518747e-05
"Bay City, MI",1.26982398394902e-05,0.0811400528823418,0.00286308439356915,0.00310098590079071,0.881458324442818,6.34709493688545e-06,0.015259050531162,0.0158304306611437,0.000249948150310484,4.95726031944746e-05,2.95050998936078e-05
"Bay City, TX",0.298733914745211,0.0102147551585524,0.12334556998979,0.012103774898436,2.9361370107844e-07,1.10136612395661e-07,0.00026280994325482,0.355763712980051,0.199523993797973,3.09408794091283e-06,4.79706484776481e-05
"Beatrice, NE",0.0568771968347863,0.00783917178704769,0.0160642205305275,3.81208470417036e-05,2.602729310334e-06,4.46304695284801e-05,0.00115820527902546,0.917960784048434,1.24306710678407e-05,5.98645505926601e-07,2.03815772450423e-06
"Beaumont-Port Arthur, TX",0.000455629207779715,0.0202337439232586,0.00360229889359581,0.809618927089246,0.000849776265582207,2.78948789323645e-06,0.0529479277078887,0.0244416973455824,0.0860983633789028,0.000364273171277408,0.00138457352899268
"Beaver Dam, WI",0.00136463930524578,0.0102535007280394,0.00546922240631756,0.000140139916669595,0.00317737607274681,5.80422668722222e-06,0.0326722201058978,0.946878597623649,6.12185254718744e-06,2.51881479825943e-05,7.18961421675374e-06
"Beckley, WV",0.0016465566824917,0.965428298732002,0.0104637370114929,0.0041455196576752,0.000616659971626097,5.69792382177448e-05,0.000183969531566329,0.00748920447352964,0.00996669408026037,1.46575797903117e-06,9.1486315879094e-07
"Bedford, IN",0.000385254674344209,0.716366404526449,0.0198248217424458,0.000367729513597986,0.202725280706648,2.96715409101121e-06,0.00162318402775324,0.0582664329956526,0.000421385618857209,1.59625170419341e-05,5.7652311953979e-07
"Beeville, TX",0.0192762479917889,0.016233289135856,0.00761313305475433,0.255411946440735,3.85005337623807e-05,1.5549688257308e-05,0.248836169891216,0.439243467303862,0.0118457685603853,0.000797420926340168,0.000688506473042872
"Bellefontaine, OH",9.88613689955215e-07,0.00436499654168411,0.0118625078273118,2.40153262023561e-06,0.979616602806046,3.01484879944305e-08,1.60594915172116e-05,0.00412127448589239,1.16899639635598e-05,4.00777133359304e-08,3.40851107319896e-06
"Bellingham, WA",0.00253454787320618,0.000399926111784436,0.0277784897899331,0.00191826132479611,6.17106225240376e-06,0.365392709573741,0.500024309707412,0.00459031213560034,9.98426578742229e-06,0.000918627695185724,0.0964266604603015
"Bemidji, MN",0.000261320615070195,0.0432925935161517,0.00487514522136919,0.34760735042994,0.016685202143539,0.00164862426216259,0.473616352730706,0.0975546433571002,0.00273602508748033,0.000221934384695109,0.0115008082517854
"Bend-Redmond, OR",0.00470872849392431,0.000132631671279937,0.0330941821129451,0.000195670405615546,1.05372377006458e-06,0.500019341269371,0.421319816783676,0.00295965146166008,1.00370560997599e-06,0.00129593325592087,0.0362719871162272
"Bennettsville, SC",0.00939430574004641,2.35870065632513e-05,0.682494867029712,6.3364647721467e-07,8.43114422699802e-11,2.05355056626124e-13,3.81744877993439e-10,4.55639141198052e-06,0.308081959917259,1.73088743781398e-08,7.24933943131222e-08
"Bennington, VT",0.000429503214932412,0.00555883659136062,0.00244625929131906,0.00510635374049405,0.00056931257665802,0.0182856401304527,0.949900743008607,0.0150566606389911,1.07832229544631e-05,0.00133017537928423,0.00130573220494591
"Berlin, NH-VT",0.00609628310669761,0.570003636123208,0.00309368620141878,0.0601543590836694,0.000957384368898647,0.00953057413602537,0.167080372432732,0.182165271788308,0.000750003604165421,0.000135540579456355,3.28885754199626e-05
"Big Rapids, MI",0.000284984711204294,0.179352037848747,0.142834748127305,0.185876033273835,0.151298239737657,0.0273603195819315,0.200049083732294,0.00828815395626677,0.0133529455485382,0.000920646190601049,0.0903828072916208
"Big Spring, TX",0.981214903827499,3.01751116019739e-09,0.0187793564134715,2.11368919561605e-11,2.02945978184771e-17,7.86778943957084e-13,1.20368456026026e-08,4.48986890083345e-06,7.09066839825881e-08,1.16369584572303e-06,2.11317671353548e-10
"Big Stone Gap, VA",0.000291547870837632,0.506036618736555,0.0160933970748907,0.0930205781423726,0.0246372805102346,2.30820060255911e-07,0.00150330538199824,0.00573331762090485,0.352559855130679,0.000110074430347484,1.37942811200348e-05
"Billings, MT",0.83540118686844,0.000109393090399504,0.0283214103023138,5.61544004826675e-05,5.67152417510952e-10,0.00212213986511598,0.00995163573267212,0.123833168972742,4.53345164992988e-06,1.54100856686709e-05,0.000184966663363181
"Binghamton, NY",0.00028943839009962,0.0627533393782661,0.00273788443155469,0.0815594226859462,0.0126610838689217,0.00585926373843673,0.78985808607297,0.0417728898161415,0.000334071508089565,0.000782956911722892,0.00139156319785047
"Birmingham-Hoover, AL",0.00598534128637287,0.0143576397115313,0.00980292914299191,0.294041412261831,0.000210582796228763,1.42547703770526e-06,0.565799526134542,0.0511877090422134,0.024692895264414,0.033417112104061,0.000503426778776001
"Bismarck, ND",0.390240962217199,0.00116498030928561,0.0483939654328837,9.32803283715603e-06,2.10807832722585e-07,0.0156747667279315,0.0734513707191895,0.470937411339979,2.31131561108139e-07,9.07058092864924e-05,3.60674720135505e-05
"Blacksburg-Christiansburg-Radford, VA",0.00239753602848956,0.00477154155296114,0.0431567204979197,0.108658876589123,0.000155574199454532,0.0638717163600199,0.179821792222612,0.0969891400016976,0.00161730938971814,3.16984854669889e-05,0.498528094672538
"Bloomington, IL",0.000159676956030332,0.000256127655257172,0.0253342536867948,0.00542784855348303,0.00722835441309359,9.10845336992385e-06,0.192659646121438,0.59708394471819,0.000118217346289473,4.34971768989128e-05,0.171679324919155
"Bloomington, IN",3.09344050615719e-09,9.52646905967949e-13,0.00690209935472292,1.44517772574194e-09,1.1202109124544e-08,7.52794316266218e-13,2.10710479230342e-07,9.26831306001013e-08,3.49723992857298e-08,1.84231746862057e-08,0.99309752811366
"Bloomsburg-Berwick, PA",0.00530653558904161,0.450520743477685,0.00301149708762764,0.0733286529762876,0.00119552024428334,0.00631991754264656,0.176682376153842,0.282642253509176,0.000843514367040569,9.70012861176939e-05,5.19877662522544e-05
"Bluefield, WV-VA",0.000414610162153802,0.96172039772669,0.00440513770400281,0.0176350966001169,0.00332980488073011,0.000252001211312863,0.00175747968189148,0.00306647323718558,0.00739781904889379,1.743541752213e-05,3.74432949994631e-06
"Blytheville, AR",1.62285976617055e-05,5.5396992695883e-06,0.030918942697785,0.000245822487048402,7.89872193309153e-07,1.44822280912463e-14,1.06479103761283e-07,4.26266896926183e-05,0.96870173833668,1.70723766934349e-07,6.80344167846534e-05
"Bogalusa, LA",0.00035925610429998,0.00281397294589919,0.0183215693010402,0.00299062762335756,1.29808251840673e-06,6.21959623439213e-10,1.5369193307501e-06,6.77011405521308e-05,0.975438759646777,1.12857616550948e-06,4.14903809934232e-06
"Boise City, ID",0.00319817070907885,0.0126553862319418,0.00402416391759592,0.019408280811065,4.14616220128877e-05,0.214632402433056,0.724809288833613,0.0182325981592388,5.30561228464178e-05,0.000762222461959497,0.00218296869759211
"Boone, IA",0.000714179567621682,0.0124223144133953,0.00368856069390852,0.000957505127123725,0.00622258446685125,3.33396446396869e-05,0.0874244611496377,0.88843829035315,1.52877135890919e-05,2.90731434689032e-05,5.44037266137004e-05
"Boone, NC",3.65358927043044e-08,1.51100001051325e-14,0.0145442097978905,5.52649363208562e-11,1.10346108187002e-12,4.69770857126138e-12,2.09780622905194e-07,8.11061852342298e-10,2.18896087418828e-09,1.08405811315289e-06,0.985454456766377
"Borger, TX",0.961351852728032,0.000524532361460415,0.0363734095378879,1.29531709909319e-06,1.86495083345378e-10,3.65344629248877e-08,3.77500609452061e-05,0.00157567727743787,4.90388351226929e-05,8.64005395287242e-05,6.62152774548292e-09
"Boston-Cambridge-Newton, MA-NH",1.38152088254911e-05,1.52066566785891e-07,0.0263048443922374,4.01053196946186e-07,0.000195736239246287,2.5131932233222e-09,0.340680127831323,0.000254354785235778,3.15849015600759e-08,0.629970695795104,0.00257983853016935
"Boulder, CO",4.72945363444578e-05,5.8583480807935e-11,0.0358531439831934,1.96662638383974e-08,9.93981096473354e-10,6.91035539286458e-08,0.0126874118797328,4.45825201246901e-05,1.52622081384546e-09,0.0013554164725728,0.950012059259429
"Bowling Green, KY",0.00357586108863089,0.0302121981799066,0.028941580909062,0.506153667361568,0.000311218112389165,0.00892931057998872,0.0575297151474576,0.261574435137339,0.0200486848287071,8.1106655848422e-06,0.0827152179893662
"Bozeman, MT",0.0166355782251171,5.05475396996573e-07,0.0995087628873507,3.26651022846306e-05,8.90154082567603e-09,0.000365243927273398,0.0441406951834847,0.0750148574628543,1.03798134436135e-06,2.24796708399721e-05,0.764278165182513
"Brainerd, MN",0.0111798627121799,0.0771649711840007,0.00396332295049663,0.0126805525627883,0.000184569936291654,0.00478361303532747,0.154230634702754,0.735572631020511,0.000121153486202506,3.9917868999204e-05,7.87705404495404e-05
"Branson, MO",0.00237046233973934,0.625172232027237,0.00603391742929474,0.232434846637748,0.000988588405721758,0.0148627394746422,0.0154005396450963,0.0908027830459997,0.0115913244209128,4.25849693638193e-06,0.000338308076671987
"Bremerton-Silverdale, WA",0.00465896034852172,0.0038920861956624,0.00662913359518287,0.00388462137137082,3.00520021229092e-05,0.241262991576287,0.651893755833802,0.0829014762932741,8.31354297078938e-06,0.00017795649213347,0.00466065274867146
"Brevard, NC",0.141916662936479,0.00198437522876772,0.115628266087049,0.000114107450893967,4.31990331891142e-08,0.678781228105349,0.00154801218641178,0.0582208905254273,1.65770973094174e-05,2.91785485549697e-07,0.00178954539779347
"Bridgeport-Stamford-Norwalk, CT",1.79268503766384e-06,4.74798085565259e-10,0.02416661022512,9.2641299562059e-09,2.50246924675287e-06,3.34985382899687e-12,0.0226764202332048,4.18444660408475e-06,6.30039525260292e-09,0.949929149692135,0.00321932420597874
"Brookhaven, MS",0.0184496149187474,0.309453412203673,0.0541760222083924,0.121356856112962,4.44811549955761e-05,7.14946493533125e-05,0.000381297671822946,0.0927451242106961,0.403151259945387,6.49283143301205e-07,0.000169787640826169
"Brookings, SD",0.000144256515325879,4.57066629846331e-07,0.0540931782357245,9.27131661711287e-06,4.54512784812304e-06,1.22655160322139e-05,0.0046039357334209,0.0720711032846073,5.91371647800062e-07,4.53055582481935e-07,0.869059942776564
"Brownsville-Harlingen, TX",0.00102228064083604,0.332102872610284,0.0828690484675423,0.135398525496896,0.00860173119559245,3.03687996666164e-06,0.0159945417145351,0.000786428911267246,0.405648572756661,0.0174533834837004,0.000119577842718852
"Brownwood, TX",0.666496431981839,0.00662134638563249,0.187564691937168,0.000273733648889255,1.31251983378636e-08,2.90476258420632e-06,1.60384140553778e-05,0.129486964181099,0.00953026003060384,8.28557974000023e-08,7.5326771328577e-06
"Brunswick, GA",0.000358831880158074,0.00974218786039093,0.004436691035872,0.678659113194204,0.000911561699230279,0.000135038304310784,0.252692980031667,0.022000154409313,0.0141300593941891,0.000613446438305475,0.0163199357523597
"Bucyrus, OH",8.82389805751804e-09,6.32394991919563e-05,0.00481341180160126,1.44891608708405e-07,0.995089480233289,3.73003804046038e-11,1.21241193570888e-06,2.52133662412986e-05,4.20767190706437e-06,6.86598232778298e-08,3.01260320362245e-06
"Buffalo-Cheektowaga-Niagara Falls, NY",2.79055870987582e-05,0.00221597461604487,0.0108735908497988,0.00192634167333416,0.238094140828376,7.8681028832025e-07,0.698934669769453,0.00894019362533525,6.65613210993978e-05,0.0380165476326824,0.000903287286489242
"Burlington, IA-IL",0.000619622737354197,0.00640374330257575,0.00714492267739562,0.0243151866866913,0.00332455257824477,1.46926456128634e-07,0.0175786451894942,0.935997178952794,0.00412658822757388,1.34765312427542e-05,0.000475936190177715
"Burlington, NC",0.00252445180838723,0.209540671605056,0.00231878159107485,0.40033670720906,0.000464008932155489,0.00804240763468051,0.339507209496805,0.0324009642654003,0.00386163841860697,0.000694246141992349,0.00030891289678157
"Burlington-South Burlington, VT",0.000608239200081123,4.42291678542471e-05,0.0333493321021921,0.000197495699705244,8.08877879614285e-05,0.0103781187948611,0.644144390581757,0.0522178078126811,7.19493667936108e-07,0.000242077443557248,0.258736701915681
"Butte-Silver Bow, MT",0.0114355626886824,0.0123830735032309,0.015423999724139,0.0105764384108407,1.63809785886977e-06,0.851685546982382,0.0938638837396133,0.00180201345994342,0.000196854617982806,0.000503194445334705,0.00212779432999163
"Cadillac, MI",0.000183188358180172,0.912759503285693,0.00355271533090135,0.0141647980119481,0.0409602826154222,0.000108792454911855,0.00312486323283254,0.0222441329808363,0.00288945782742839,6.13319441128335e-06,6.13270743473734e-06
"Calhoun, GA",0.0120761305507694,0.757990674099233,0.00353806311563131,0.0933020241268539,0.000166943438863325,0.00405645037626395,0.0495917112366319,0.0754513965622208,0.00370770298149068,0.000104829633909345,1.40738781322432e-05
"California-Lexington Park, MD",0.0051231084225409,0.0200021997712355,0.0189425168952779,8.24931915550848e-05,0.0019145698019048,0.0025509640795844,0.867113291532454,0.0751716503956995,8.6664521439317e-07,0.00907999311819856,1.83461463348671e-05
"Cambridge, MD",0.0010394110270824,0.0667614191573975,0.00237173977896501,0.249577482448294,0.00262824342099867,7.8904376653509e-05,0.611882015644059,0.0585085374498236,0.00352954405035882,0.00335948553530823,0.000263217111058776
"Cambridge, OH",7.58977119482285e-07,0.00277027206017195,0.0108457188754437,4.49562692347791e-05,0.982608259699702,1.1552167923341e-11,1.29013338289194e-05,0.00192577180260955,0.00178801417085209,7.41594054160391e-07,2.60520543108015e-06
"Camden, AR",0.0028716956151339,0.0169952317602621,0.0172948198577641,0.0425167707987144,2.41698891813733e-06,1.44228349331993e-07,3.53461703548884e-05,0.00250458448500238,0.917740423347269,1.13379930631363e-06,3.74329489259005e-05
"Campbellsville, KY",0.00120183475340089,0.321953531259127,0.148742152190057,0.25840125610135,0.00968273655692614,0.119077322865341,0.0253685931590425,0.0176973051424496,0.0393309237696637,2.49381867656359e-05,0.0585194060158765
"Canon City, CO",0.0363002071087905,0.196532730879351,0.00756746891189492,0.0797595802071013,1.79154515010559e-05,0.384865750238291,0.209044252973451,0.0846182106580865,0.000791939127538346,0.000151248379712326,0.000350696064281905
"Canton, IL",0.000762888447167577,0.191385870130087,0.00632846506319711,0.021409056764312,0.0149811780439753,0.000125297257883017,0.0102468741072612,0.753031169234734,0.0016135129800548,1.47827072979712e-06,0.000114209700597788
"Canton-Massillon, OH",4.86118943116171e-06,0.0327947550738839,0.00247824567074291,0.00218542927573885,0.945918064590085,2.05321443707087e-07,0.00312488113890094,0.0128910967675659,0.000567895053156578,1.21326678336368e-05,2.24332512175799e-05
"Cape Coral-Fort Myers, FL",0.0333627576303143,0.00187352108627592,0.00523542066684771,0.0144661648726882,5.43823505015721e-07,0.00166448913053898,0.911150595794809,0.0182578882937132,0.000133255453820101,0.0132777619386642,0.000577601308823232
"Cape Girardeau, MO-IL",0.00498286520165419,0.00271443862482004,0.0567212957008946,0.0906171694142366,5.14263951378299e-05,4.79289189817787e-06,0.00379482017674645,0.755012162464845,0.0527594501591857,1.04885345835598e-06,0.0333405301171228
"Carbondale-Marion, IL",0.000256289087035443,0.0310310588789516,0.0102787813428959,0.77157211874848,0.0037576381060851,5.3031142091921e-05,0.0175376746205309,0.0525296417987273,0.0968522587943698,1.23667833749394e-05,0.0161191406974573
"Carlsbad-Artesia, NM",0.98245453055392,4.69454532070349e-10,0.0175442619464324,1.65387068331391e-13,1.05215174837443e-18,2.53171145595807e-11,2.76525541275924e-09,1.0652774199803e-06,3.53961575827025e-10,1.38552496293754e-07,5.55777229508199e-11
"Carson City, NV",0.0327114828982775,0.027920091258033,0.0207866916679147,0.0140435088370126,5.18272719392722e-06,0.151700099256679,0.723283331899439,0.00331888809931739,0.000221675347097352,0.0254824046448862,0.000526643364149154
"Casper, WY",0.177957731813751,0.0354844409316861,0.0140728630444387,0.00291130042637744,3.10022093617251e-06,0.0558549814714608,0.190542464278332,0.522930450593753,3.67595804715633e-05,0.000122326134095684,8.35815046972612e-05
"Cedar City, UT",0.00286249228972782,0.0021859525640363,0.0029137312466516,0.0588689809641861,9.31723309498988e-06,0.00117423286047111,0.912424846226822,0.00888017112052901,0.000383823034421031,0.00752755176819982,0.00276890069186064
"Cedar Rapids, IA",0.000313335721893355,0.00109944768997558,0.00411268705696781,0.000301154490618388,0.00364813577286733,6.89234936809265e-07,0.0449944179396967,0.94538337160159,9.56118417226316e-06,2.03564038536884e-05,0.000116842903427862
"Cedartown, GA",0.00303505076939911,0.712133269176825,0.0171225900337108,0.139575694934189,0.00257175582160744,4.55798438666418e-05,0.0583991107035551,0.00384902407006929,0.0519888215915033,0.0112577061729816,2.13968822922239e-05
"Celina, OH",8.20147718266693e-05,0.0588472685801631,0.2194345639578,3.68732497522247e-07,0.707567769183915,1.80435897460029e-06,9.33002030052713e-05,0.0139678728162433,2.99447684211998e-06,1.50013284013561e-06,5.42785892818949e-07
"Centralia, IL",0.00012759680672348,0.916476840027874,0.00882493437242153,0.00755777360903794,0.0536070946476484,0.00033909220067572,0.00115822219320885,0.00859361878347083,0.00329765076203598,2.63139287166003e-06,1.4545204031138e-05
"Centralia, WA",0.0427368683107549,0.404519034914034,0.010031836987985,0.0899419395602594,1.54608171876442e-05,0.324126494916214,0.0842997388014702,0.0418916156230976,0.00215075068580832,0.000118987029666175,0.000167272353522979
"Chambersburg-Waynesboro, PA",0.0170050673315627,0.565948873849141,0.0245485690273021,0.000659657477075068,0.00118429282269783,0.0666772601812245,0.0346601533590742,0.289257909933153,2.59124621667585e-05,2.20421833495521e-05,1.02613732535252e-05
"Champaign-Urbana, IL",4.4555007755456e-07,2.22831396523241e-10,0.0151131697596799,9.41446653610336e-07,8.34695945655808e-07,9.25895123005245e-13,0.000109445359921594,0.000188928935323935,2.95581727512049e-06,3.0774943523382e-06,0.984580200717013
"Charleston, WV",0.00102392971850581,0.792142969775512,0.00508975928016937,0.100742397286204,0.00278648799521127,3.02494630715618e-05,0.00185721586465548,0.0454202170415232,0.0508889711903526,3.97930595898454e-06,1.38230788363643e-05
"Charleston-Mattoon, IL",1.01089459527041e-05,1.14267057010629e-05,0.0408518668747831,0.00107124505461232,0.000667280753543898,3.20466989737194e-07,0.00101346167715729,0.0145692112717013,0.000539222001812192,4.00551806923337e-07,0.941265455695939
"Charleston-North Charleston, SC",0.00516831963041975,0.000404327979292892,0.00280145186817828,0.0107846937577048,2.14401915133542e-06,0.000267586884522373,0.946720525049195,0.0266716469751562,5.86207434805691e-05,0.0050378777214921,0.00208280537140674
"Charlotte-Concord-Gastonia, NC-SC",0.000745998414207566,0.00108689974682263,0.00191540882640943,0.00813155726238919,4.46636111157734e-05,5.20856782189917e-05,0.947074758298561,0.0036626797309826,6.9331799433537e-05,0.0368421699057218,0.000374446726137084
"Charlottesville, VA",0.000522844297065177,2.98820631137247e-05,0.0286165131802957,0.00111087627640917,8.78003570233911e-05,0.000179950204981392,0.226887559190842,0.224415768998428,1.14163286512155e-05,4.30078595295436e-05,0.518094381243661
"Chattanooga, TN-GA",0.00538144010989669,0.123977060234822,0.00572823160645694,0.212935362330291,0.00118602630603516,1.82722432805122e-05,0.548862782177592,0.0796375113294897,0.00928529574424952,0.0129160933207024,7.19245971834829e-05
"Cheyenne, WY",0.493863253362782,0.00102675368506196,0.0346781724703394,6.26935473682489e-05,4.3627761360525e-08,0.0302638860687879,0.0562855342422762,0.383637339362922,1.46748632074577e-06,3.98128760994279e-05,0.000141043270280915
"Chicago-Naperville-Elgin, IL-IN-WI",3.02014339398644e-06,2.57887077575712e-08,0.0201924729548938,1.25204228137131e-07,0.000135193856450636,3.54787559317841e-14,0.0127245823902907,4.01732597581564e-05,4.22656442476504e-07,0.966810724389335,9.32593564644676e-05
"Chico, CA",0.000502318033255506,1.16669235306623e-05,0.0191825312382995,0.00103516481797711,1.03606161608478e-06,2.70512884542031e-07,0.171027405821986,4.56674050894812e-05,0.000224749445137262,0.803624160772949,0.00434502896727476
"Chillicothe, OH",1.84082979215599e-06,0.0202711487658699,0.0296692952750423,0.000111036963118367,0.948886262675071,1.72599466317994e-07,0.000237135958094105,9.76484630247078e-05,0.00065538940072338,5.15710680539336e-05,1.84980017438768e-05
"Cincinnati, OH-KY-IN",2.10967815971308e-05,0.000416666779047445,0.0252984715642097,0.000876231043830443,0.311926528233815,1.456270068173e-08,0.559094571257099,0.0107566622760039,9.08686451603212e-05,0.0895587931055178,0.00196009575101853
"Claremont-Lebanon, NH-VT",0.000908428871704543,0.00122944495461571,0.0147291984085282,2.37770979177891e-05,1.75731612190457e-05,0.962465591037785,0.0135285068992312,0.00597457198131569,2.67810720588949e-07,3.72833145477282e-06,0.00111891144550728
"Clarksburg, WV",0.00512820529970608,0.845132339247195,0.0238461170369973,0.00410743355754526,0.000605553485916765,0.0655703522348011,0.00195348421636413,0.0528294054009439,0.000789998139176407,7.87204506917792e-07,3.63241768475261e-05
"Clarksdale, MS",1.89112208758033e-07,1.35945629706115e-09,0.938030477374897,1.76119635976724e-07,1.61162047135414e-08,4.18680514074246e-15,6.05090220895449e-10,7.59287043057608e-09,0.0315042740613667,3.55536468693703e-08,0.0304648221046192
"Clarksville, TN-KY",0.00076779623682172,0.112224227295243,0.00297930081074773,0.635437643709123,0.00196911260278431,0.0035608504700562,0.14636466562477,0.0863172560788713,0.00779403750415459,5.470715498308e-05,0.00253040251244523
"Clearlake, CA",0.00243400991661272,0.0560964106874335,0.584847786902926,0.100804426889373,0.000435742550572777,0.00154709751729858,0.018518865030618,0.00020160746034998,0.204916635586047,0.00825501118226471,0.0219424062765032
"Cleveland, MS",2.18387016526572e-07,2.92509419906343e-08,0.813542353039524,4.17040921401696e-06,3.90756706925775e-06,4.16039416009902e-14,2.10995002356966e-08,2.93118962600483e-07,0.076928855397983,1.42950673802698e-07,0.109520008779073
"Cleveland, TN",0.00234556578210739,0.404477675193163,0.00308957633863628,0.398639173428923,0.000782827580319564,0.00114515598772093,0.160741178205529,0.014496094935751,0.0127513141304746,0.00144943785111965,8.20005662552138e-05
"Cleveland-Elyria, OH",1.40038873559762e-06,4.23475621796281e-06,0.195947523040529,1.14940450244448e-05,0.568863664487361,6.40724505754773e-13,0.0216581726817336,0.000508918749503785,7.61726810563902e-05,0.209886687861228,0.00304173130796983
"Clewiston, FL",0.00311730105613506,0.300963454792598,0.0170318144068916,0.285526458683617,0.000151584390388105,2.51317327648493e-05,0.00555670875457005,0.00141478077406699,0.385389916298871,0.00077043182415915,5.24172859384392e-05
"Clinton, IA",0.00344383839563911,0.000986288302026666,0.153371309303848,0.000236757591774884,0.01012991356491,1.16991488012004e-11,0.0415097311519444,0.772471805545553,0.00100491480889263,0.0168253495244847,2.00917992281755e-05
"Clovis, NM",0.952638175220563,3.65275661336729e-05,0.0399071025515605,0.000738664814562591,1.4470312335096e-11,4.88656693180367e-05,0.00337061621322827,0.00177814467114089,0.00066144212633921,0.000426556839666664,0.000393904313017244
"Coeur d'Alene, ID",0.000865756683030921,0.0140561784658868,0.00189915015102095,0.0779707234994994,0.00117492532823554,0.000237405805485104,0.744417155193863,0.157338918411735,0.00040556599310837,0.000698763352874294,0.000935457115260083
"Coffeyville, KS",0.001129514577209,0.221427042964936,0.00488695415638841,0.488217549186732,0.00339490962126713,1.57783082220414e-05,0.0153612719129821,0.191190647548118,0.0741389519983997,1.60224328692805e-05,0.000221357292875671
"Coldwater, MI",1.27585969002315e-07,0.000401792543971249,0.00496164668410935,4.24729800964838e-07,0.99433781632669,1.50166480867424e-12,4.82553722673882e-06,0.000273541131400678,1.8630077574476e-05,1.06897175216243e-06,1.26410004196705e-07
